Matrix #  1 [ 9  x  8 ]
[[0.23357191 0.06608877 0.0006861  0.2879756  0.2948601  0.10895669
  0.22903345 0.09026924]
 [0.05526334 0.29458362 0.20932388 0.15009888 0.1222648  0.28314356
  0.13412904 0.06456156]
 [0.02772061 0.13276355 0.0064357  0.11601012 0.3234306  0.27081634
  0.27622902 0.25643845]
 [0.24380036 0.26514079 0.22382868 0.14184479 0.01533193 0.11639464
  0.18762858 0.27766213]
 [0.22812189 0.29144315 0.11370993 0.1476364  0.22398722 0.24873776
  0.14695371 0.1389954]
 [0.31160113 0.19992002 0.31001357 0.29218136 0.10276993 0.11280869
  0.31363005 0.0569838]
 [0.11110609 0.11842042 0.14708198 0.20595833 0.03432055 0.00053161
  0.15302299 0.21903787]
 [0.09540775 0.24214398 0.26597303 0.26706549 0.09421418 0.21567347
  0.31431403 0.1624588]
 [0.23952131 0.06297595 0.09234509 0.30018331 0.25129577 0.20202018
  0.12798754 0.29995771]]
-------------------------
Matrix #  2 [ 8  x  7 ]
[[0.02167791 0.32994865 0.22424717 0.22309955 0.14743043 0.04924504
  0.12449523]
 [0.17650392 0.10518311 0.21577361 0.09293046 0.24825099 0.19967596
  0.11428301]
 [0.02165363 0.25963483 0.05924668 0.16428172 0.23845612 0.31273755
  0.0502848]
 [0.11196042 0.19435176 0.05291517 0.05322283 0.22096685 0.26883279
  0.0393707]
 [0.15371017 0.32929739 0.03135373 0.32549686 0.0978535  0.3145284
  0.02506898]
 [0.09131226 0.18740851 0.1090924  0.15698391 0.02607874 0.19506461
  0.27279537]
 [0.00384847 0.2719101  0.23286184 0.31071137 0.08043034 0.05076569
  0.11020781]
 [0.00634426 0.19010291 0.10966565 0.31173806 0.21220308 0.07608228
  0.22944733]]
-------------------------
Matrix #  3 [ 7  x  5 ]
[[0.2934084  0.31000752 0.29583569 0.12160303 0.28438208]
 [0.05162359 0.18664266 0.30925751 0.28044541 0.09871722]
 [0.23433057 0.17790267 0.23370457 0.18442431 0.30793689]
 [0.09659769 0.2441008  0.22029982 0.09682874 0.2478826]
 [0.32109717 0.15998986 0.22035927 0.11698278 0.26626609]
 [0.08727634 0.30895894 0.09715486 0.22590883 0.10040608]
 [0.05391892 0.15293576 0.1354681  0.23175902 0.31302431]]
-------------------------
Matrix #  4 [ 5  x  9 ]
[[0.0264932  0.320906   0.20132147 0.10879836 0.08009907 0.28979289
  0.26190013 0.29951602 0.05102343]
 [0.19829848 0.03569165 0.27320039 0.06872339 0.14500812 0.25231599
  0.16020978 0.17310098 0.18215859]
 [0.12272111 0.06422936 0.19689008 0.20967237 0.06024983 0.31849207
  0.09102183 0.23237951 0.10863639]
 [0.17530012 0.00311289 0.11861376 0.08698867 0.12106028 0.20839688
  0.05773176 0.27850472 0.14192111]
 [0.19059177 0.0338243  0.3137723  0.21220905 0.0072579  0.00165599
  0.00396385 0.1673304  0.13699135]]
-------------------------
Matrix #  5 [ 9  x  5 ]
[[0.13561182 0.15688989 0.25550336 0.18125474 0.06687684]
 [0.20163991 0.21954841 0.21127373 0.07826868 0.17561141]
 [0.01109402 0.2380422  0.15125464 0.15354383 0.04429409]
 [0.10738893 0.18066637 0.27744433 0.16783492 0.21634483]
 [0.19869898 0.21136162 0.32763755 0.22810444 0.21037702]
 [0.281793   0.30592267 0.13808967 0.09691449 0.12944169]
 [0.3162324  0.10359919 0.02802877 0.01594477 0.14801802]
 [0.09739591 0.07001272 0.22619666 0.03408721 0.3034211]
 [0.0622123  0.28945211 0.20243141 0.22795391 0.0219393]]
-------------------------
Matrix #  6 [ 5  x  6 ]
[[0.14176704 0.32235166 0.29136666 0.18789947 0.22307233 0.23105589]
 [0.01264417 0.13426631 0.08159202 0.25300695 0.10467497 0.18699806]
 [0.11775928 0.2335886  0.07876211 0.12209817 0.03375616 0.16227972]
 [0.0013776  0.28145742 0.23652938 0.26157223 0.21647677 0.06288953]
 [0.05120838 0.20873539 0.28518325 0.20070872 0.09719349 0.12910735]]
-------------------------
Matrix #  7 [ 6  x  9 ]
[[0.01205029 0.25277449 0.19200423 0.30740265 0.04734213 0.21969148
  0.00705283 0.16548437 0.30538104]
 [0.14275403 0.18174926 0.25213697 0.18619798 0.25454719 0.25626831
  0.15057107 0.20963303 0.3173918]
 [0.28798475 0.14198907 0.02031879 0.19605406 0.16391509 0.16496023
  0.30515454 0.28482743 0.248963]
 [0.24052621 0.31487891 0.00235842 0.04685954 0.267752   0.29584896
  0.30077259 0.11208799 0.14415221]
 [0.15625299 0.04318027 0.08991142 0.00038547 0.20583351 0.1594118
  0.14334645 0.30396733 0.28813013]
 [0.18115808 0.25439008 0.01006312 0.09386115 0.05506287 0.15566322
  0.1409977  0.1185197  0.23752372]]
-------------------------
Matrix #  8 [ 9  x  5 ]
[[0.16970238 0.03600801 0.21842631 0.0719756  0.2207943]
 [0.30753831 0.10812693 0.03257686 0.08912039 0.13643378]
 [0.14320123 0.29318182 0.07645675 0.18235995 0.04472225]
 [0.12160283 0.05079877 0.23978179 0.05896434 0.1318356]
 [0.04708319 0.15715676 0.17111161 0.29989698 0.07605184]
 [0.03739496 0.24612282 0.02052485 0.22774027 0.11799833]
 [0.09120496 0.04315258 0.09709385 0.01329158 0.16337899]
 [0.0330722  0.31657815 0.24501853 0.02302411 0.13044873]
 [0.11851757 0.10644495 0.02241525 0.03903991 0.13041393]]
-------------------------
Matrix #  9 [ 5  x  5 ]
[[0.25053753 0.04507595 0.21592396 0.30921835 0.02494251]
 [0.2553833  0.00211286 0.32547461 0.14585421 0.22795686]
 [0.20422615 0.02017522 0.19141403 0.15657431 0.05450218]
 [0.20996882 0.23403318 0.29458996 0.12956492 0.30664834]
 [0.02477151 0.16974612 0.09279722 0.05797734 0.0151338]]
-------------------------
Matrix #  10 [ 5  x  6 ]
[[0.28497991 0.18838488 0.03634031 0.0256386  0.20139602 0.32327684]
 [0.10412813 0.10430023 0.10454928 0.28718644 0.09005907 0.13295969]
 [0.29634416 0.07340245 0.28647605 0.09009911 0.12824756 0.16861579]
 [0.09093224 0.01552526 0.27595335 0.1723317  0.07745245 0.15769872]
 [0.07895946 0.20063257 0.26981796 0.11359878 0.26281095 0.32203167]]
-------------------------
Matrix #  11 [ 6  x  7 ]
[[0.26794799 0.10602175 0.14160673 0.22887185 0.09201589 0.10456913
  0.13556608]
 [0.17333178 0.10340321 0.296759   0.0387118  0.31107554 0.12655646
  0.25459896]
 [0.19579749 0.2959114  0.22852779 0.23692711 0.21199684 0.32500388
  0.29687347]
 [0.12629981 0.23363128 0.24818578 0.32228406 0.2328938  0.13010071
  0.31911797]
 [0.11806021 0.21928487 0.29790483 0.31848725 0.25127112 0.12988067
  0.17132196]
 [0.0763034  0.2304016  0.09385163 0.31387228 0.07349493 0.22066321
  0.18555472]]
-------------------------
Matrix #  12 [ 7  x  7 ]
[[0.12533151 0.12577077 0.27229162 0.00145113 0.15213671 0.2925537
  0.10706555]
 [0.31786736 0.17208859 0.30704807 0.28442275 0.03452442 0.1061692
  0.31962906]
 [0.25286955 0.21232682 0.14643905 0.20192468 0.18067009 0.24358937
  0.04029044]
 [0.12035528 0.06064421 0.05761584 0.15894739 0.05505123 0.15902277
  0.07978789]
 [0.22659413 0.13853581 0.18567538 0.09709461 0.19338515 0.26735369
  0.304089]
 [0.16961689 0.00300614 0.08414489 0.30319765 0.32463422 0.32029117
  0.00232284]
 [0.22257168 0.04270468 0.30283893 0.30538566 0.26398326 0.21033154
  0.19254153]]
-------------------------
Matrix #  13 [ 7  x  7 ]
[[0.25223924 0.25398625 0.25083197 0.01238002 0.01722848 0.04702671
  0.17181578]
 [0.08890585 0.16161227 0.19298944 0.03916411 0.18751906 0.24546896
  0.2620403]
 [0.05507478 0.12559533 0.25715056 0.14761814 0.18821848 0.11180635
  0.27686051]
 [0.180311   0.28903908 0.04533105 0.17725433 0.06588146 0.00395597
  0.30950556]
 [0.19418479 0.07186861 0.21630738 0.30560108 0.20168077 0.11313633
  0.0930944]
 [0.05437835 0.25506203 0.25141637 0.12034364 0.31746357 0.15781668
  0.01661911]
 [0.08314348 0.24619091 0.22986557 0.28286834 0.06669043 0.27002271
  0.1033911]]
-------------------------
Matrix #  14 [ 7  x  6 ]
[[0.10921998 0.17880171 0.04096689 0.15995684 0.24476885 0.29977363]
 [0.21943926 0.29653027 0.25103627 0.14700071 0.24738669 0.046769]
 [0.19770184 0.20755929 0.2382776  0.15126017 0.02347262 0.00071825]
 [0.15197485 0.1085754  0.20579981 0.19331132 0.23327426 0.04730133]
 [0.14926475 0.32437335 0.19630471 0.16221117 0.02776561 0.23915726]
 [0.20083785 0.1131559  0.03635762 0.22586378 0.30433766 0.01447298]
 [0.19323061 0.1876715  0.29531223 0.28553823 0.09986754 0.20477036]]
-------------------------
Matrix #  15 [ 6  x  5 ]
[[0.31971644 0.13321616 0.08212216 0.03489417 0.29008574]
 [0.28362884 0.00187436 0.22793224 0.25784317 0.2117988]
 [0.0868841  0.06961858 0.23773408 0.17800912 0.23238752]
 [0.00057484 0.22874364 0.18581006 0.05526129 0.19067937]
 [0.04896076 0.07601772 0.28789567 0.08168446 0.24255689]
 [0.00141551 0.0655722  0.05930967 0.1659331  0.02034611]]
-------------------------
Matrix #  16 [ 5  x  6 ]
[[0.25087381 0.18392578 0.26391136 0.14852538 0.17980146 0.08569971]
 [0.06518773 0.13547187 0.23617329 0.036823   0.16045122 0.16501073]
 [0.13074724 0.08498114 0.18598553 0.14091581 0.06232483 0.28956199]
 [0.02749646 0.24489148 0.00728761 0.11418797 0.21356168 0.06085395]
 [0.30189092 0.28577247 0.14120059 0.27481168 0.25311405 0.0799606]]
-------------------------
Matrix #  17 [ 6  x  7 ]
[[0.24309267 0.21108713 0.32598322 0.07963475 0.17216405 0.09834256
  0.20335541]
 [0.24001525 0.17048562 0.2574267  0.20982627 0.19220595 0.04463654
  0.31504872]
 [0.3100067  0.22338455 0.07570622 0.0237693  0.08219867 0.09163682
  0.32279638]
 [0.17204355 0.06864372 0.15362511 0.13983166 0.0126255  0.14860686
  0.23352134]
 [0.006853   0.1758919  0.18114344 0.15741688 0.24368811 0.19947265
  0.12088202]
 [0.09553149 0.02498007 0.22074589 0.29552458 0.28161092 0.24315041
  0.28097843]]
-------------------------
Matrix #  18 [ 7  x  6 ]
[[0.27158228 0.15758846 0.20264731 0.11388128 0.18832452 0.10182772]
 [0.27412338 0.23660364 0.11426029 0.13288667 0.07146526 0.14457387]
 [0.04729454 0.18904228 0.14184992 0.1542435  0.2503183  0.31831384]
 [0.18094377 0.25275715 0.04397861 0.23519405 0.2559565  0.17106345]
 [0.16177992 0.03932194 0.14256705 0.15980232 0.1634216  0.31129254]
 [0.13566826 0.31667999 0.21311142 0.26294127 0.22339112 0.21702338]
 [0.149623   0.25086126 0.10991854 0.02481702 0.1645478  0.02303762]]
-------------------------
Matrix #  19 [ 6  x  6 ]
[[0.22643226 0.06015577 0.21892026 0.28065596 0.25666176 0.22910092]
 [0.28168081 0.01132164 0.12281936 0.23575172 0.22749259 0.12359686]
 [0.30735324 0.01727397 0.09599331 0.17322132 0.02356304 0.25785689]
 [0.29961499 0.07683292 0.30243773 0.30110001 0.04079915 0.11103466]
 [0.16718692 0.20991569 0.13364408 0.26409129 0.31965215 0.11237678]
 [0.17025306 0.31124678 0.17654686 0.2648219  0.29972911 0.07390785]]
-------------------------
Matrix #  20 [ 6  x  9 ]
[[0.18724099 0.09441068 0.27692429 0.04372819 0.18037575 0.06628208
  0.08880941 0.3071435  0.14454765]
 [0.08811462 0.16051392 0.21942592 0.08814923 0.13129757 0.23713343
  0.05891054 0.16074416 0.28917946]
 [0.26344928 0.13860836 0.06233109 0.25924043 0.11673213 0.26643622
  0.28090431 0.12478242 0.08831659]
 [0.09553721 0.10560182 0.18163638 0.09270994 0.0321323  0.29809271
  0.24073257 0.04072631 0.00568655]
 [0.16290381 0.29739625 0.10763492 0.27157441 0.03603392 0.29087549
  0.31079971 0.2317474  0.21893847]
 [0.26091161 0.09703399 0.08224464 0.28051256 0.28121964 0.06130403
  0.03575192 0.22080079 0.31053602]]
-------------------------
Matrix #  21 [ 9  x  9 ]
[[0.30682843 0.30168666 0.14796883 0.09153636 0.12539575 0.25761055
  0.21121604 0.04468359 0.27704063]
 [0.07831125 0.12775783 0.26313434 0.14391554 0.04965908 0.15040158
  0.09444551 0.01110124 0.20516804]
 [0.11401433 0.20398069 0.25592825 0.06145355 0.16737306 0.1597055
  0.30277455 0.09920447 0.01888467]
 [0.14976856 0.01729708 0.20280066 0.28992237 0.24066301 0.15668874
  0.26575733 0.03451952 0.03917959]
 [0.16189601 0.22469415 0.17615922 0.14268784 0.01390129 0.06479054
  0.26541659 0.1740032  0.24775403]
 [0.10883952 0.27794161 0.03534839 0.18876645 0.32943511 0.05469726
  0.12558988 0.32358197 0.03293918]
 [0.02101006 0.29528875 0.27577394 0.134303   0.11400028 0.05318052
  0.06343489 0.26544812 0.16726427]
 [0.1119285  0.21751621 0.11907508 0.32080475 0.28603159 0.05986712
  0.21993975 0.20581018 0.00263457]
 [0.18027957 0.05979617 0.13063374 0.20881568 0.06228851 0.11113958
  0.31876283 0.09026998 0.29563022]]
-------------------------
Matrix #  22 [ 9  x  5 ]
[[0.32159889 0.16539974 0.2297101  0.16105727 0.12775791]
 [0.23685747 0.29375327 0.00880064 0.10035405 0.18922574]
 [0.1947388  0.25892041 0.16386124 0.03743122 0.06260922]
 [0.19643397 0.22892748 0.32928001 0.16918345 0.29194039]
 [0.14921337 0.2299813  0.16259497 0.15067714 0.12119569]
 [0.29876821 0.16741342 0.19703115 0.2025065  0.2031509]
 [0.31908034 0.04051328 0.22689637 0.14420176 0.2455845]
 [0.08506354 0.06877484 0.26985955 0.02676978 0.01492556]
 [0.22717125 0.10806179 0.02256753 0.23340078 0.00242778]]
-------------------------
Matrix #  23 [ 5  x  5 ]
[[0.0942315  0.28326544 0.13399609 0.0365993  0.0373781]
 [0.18486205 0.07171643 0.28678355 0.205856   0.23980653]
 [0.2347483  0.23464523 0.06070702 0.13521889 0.10823563]
 [0.15409078 0.3003933  0.15598986 0.15330143 0.12663284]
 [0.04396151 0.13475087 0.07562114 0.30854123 0.32518535]]
-------------------------
Matrix #  24 [ 5  x  5 ]
[[0.19872709 0.02643232 0.07698064 0.19901582 0.25673267]
 [0.26442494 0.01483803 0.09722342 0.04371856 0.07515153]
 [0.21758559 0.30737664 0.04371248 0.2120924  0.10087784]
 [0.01643448 0.08125615 0.25861212 0.24805523 0.20819924]
 [0.21378964 0.30493199 0.27245366 0.04020347 0.2142512]]
-------------------------
Matrix #  25 [ 5  x  6 ]
[[0.14959093 0.10342354 0.04040173 0.28668585 0.24990071 0.16790019]
 [0.14729316 0.20512127 0.19617326 0.29415601 0.23705248 0.20806572]
 [0.06082955 0.07725619 0.29983079 0.17699865 0.22986787 0.10527895]
 [0.29647843 0.1261105  0.02177602 0.03647184 0.10024424 0.04071843]
 [0.10409795 0.29745089 0.13445328 0.04965146 0.0982702  0.29787403]]
-------------------------
Matrix #  26 [ 6  x  8 ]
[[0.16228411 0.03052142 0.06514006 0.17082841 0.12236336 0.02737206
  0.31769836 0.30444588]
 [0.05419569 0.24166942 0.09618188 0.29890087 0.28985601 0.03730342
  0.13574745 0.15085772]
 [0.04805426 0.30666517 0.12251098 0.00211944 0.26834506 0.11077245
  0.12378021 0.17876333]
 [0.16836483 0.22721378 0.22950361 0.24345826 0.29171227 0.21486788
  0.07028121 0.18171855]
 [0.182441   0.08944414 0.06694438 0.08833519 0.27248758 0.06005912
  0.23097019 0.25439245]
 [0.11483948 0.2898206  0.29172212 0.17221734 0.20416066 0.09775321
  0.03748413 0.19282246]]
-------------------------
Matrix #  27 [ 8  x  6 ]
[[0.24530852 0.23837258 0.01493668 0.18143499 0.11306842 0.00376713]
 [0.04446842 0.02387795 0.1559876  0.02260605 0.24885424 0.03782365]
 [0.3215279  0.15701217 0.12722302 0.31505555 0.20545644 0.23921024]
 [0.04368759 0.0043171  0.27065152 0.09576938 0.30707676 0.05420152]
 [0.32956183 0.04866895 0.27701261 0.09585004 0.02902243 0.32061863]
 [0.08949509 0.22169881 0.25063249 0.32760563 0.1259764  0.27478519]
 [0.20093131 0.21233859 0.20695958 0.17556436 0.32767459 0.06793353]
 [0.03542385 0.04166743 0.05572007 0.26774117 0.07976276 0.00570057]]
-------------------------
Matrix #  28 [ 6  x  6 ]
[[0.13789372 0.1400179  0.06385106 0.08286013 0.17853763 0.28354432]
 [0.02855679 0.28303818 0.22984912 0.09078788 0.26611792 0.00643079]
 [0.09994454 0.16756673 0.06957467 0.29815791 0.08744953 0.17141173]
 [0.25863775 0.29595981 0.01903437 0.09181851 0.0276037  0.15063024]
 [0.18364147 0.16581022 0.01361237 0.0575591  0.06465371 0.12157929]
 [0.32121597 0.05639206 0.17424894 0.07690397 0.30498904 0.32319254]]
-------------------------
Matrix #  29 [ 6  x  8 ]
[[0.05362857 0.32749851 0.15614923 0.03380313 0.00581403 0.25250016
  0.23467706 0.28295106]
 [0.03241693 0.1712837  0.1066701  0.27635099 0.18379376 0.03454002
  0.11372461 0.25951903]
 [0.15562074 0.16282849 0.27532511 0.20359585 0.1190287  0.0463793
  0.05999136 0.01341557]
 [0.07465604 0.11294481 0.12086716 0.14470718 0.00343094 0.31136594
  0.28104169 0.07729121]
 [0.00711647 0.06172952 0.08193113 0.04694313 0.04408381 0.16465423
  0.29822469 0.29920632]
 [0.06720174 0.32406439 0.23769896 0.26951867 0.07049289 0.22510183
  0.24712753 0.06931549]]
-------------------------
Matrix #  30 [ 8  x  8 ]
[[0.23558893 0.25841367 0.12553627 0.23472818 0.25997997 0.2430087
  0.19199853 0.15168678]
 [0.01395701 0.03942796 0.12525239 0.10486731 0.1831263  0.11131277
  0.02815174 0.19472143]
 [0.2026292  0.15611216 0.31525577 0.03260077 0.1852224  0.0058391
  0.08762742 0.06606643]
 [0.17715146 0.18936299 0.30247011 0.1491973  0.26911238 0.07727002
  0.21699645 0.18930556]
 [0.14556984 0.2300717  0.00878457 0.24404134 0.29048637 0.09858688
  0.17197273 0.07727509]
 [0.14293239 0.28299609 0.1946686  0.21215502 0.15695012 0.11580092
  0.25374118 0.16886322]
 [0.20687882 0.22761749 0.22634703 0.25594175 0.18196314 0.21241236
  0.25981146 0.26538763]
 [0.00121265 0.30521416 0.32832232 0.15441342 0.24458978 0.03021392
  0.21669158 0.18099848]]
-------------------------
Matrix #  31 [ 8  x  8 ]
[[0.05304714 0.12233908 0.04932375 0.20947392 0.04720073 0.13565901
  0.21758245 0.30284937]
 [0.07926296 0.0976539  0.03477404 0.08736793 0.19046315 0.03271514
  0.18411564 0.03770327]
 [0.1934595  0.22649352 0.22224393 0.12151711 0.28322417 0.05067205
  0.12564189 0.21453891]
 [0.06743613 0.10981343 0.08453809 0.12579461 0.26598116 0.31046516
  0.18665563 0.07890347]
 [0.23390849 0.27100877 0.18138261 0.20507468 0.32806236 0.27017413
  0.1620727  0.14161235]
 [0.28781092 0.0154339  0.2250165  0.01875082 0.22060072 0.07030941
  0.20629579 0.19354612]
 [0.11337961 0.26161246 0.15836889 0.09981858 0.2264975  0.26159336
  0.2132028  0.18617416]
 [0.18150084 0.00396989 0.14984885 0.01238518 0.22276308 0.0452662
  0.16436481 0.23074546]]
-------------------------
Matrix #  32 [ 8  x  8 ]
[[0.06740596 0.26176579 0.06060613 0.25706642 0.25551854 0.08413329
  0.14534468 0.29951724]
 [0.08006814 0.21825722 0.05659999 0.073237   0.10010088 0.1153054
  0.14752178 0.31378983]
 [0.32774441 0.14229061 0.20687469 0.18241769 0.31490381 0.0353425
  0.06260538 0.22904578]
 [0.15818649 0.07821144 0.09366228 0.32456015 0.27429194 0.27382248
  0.13605686 0.11882649]
 [0.1614838  0.06397946 0.05331469 0.16780392 0.01083488 0.21209361
  0.30959571 0.2254202]
 [0.11317093 0.25229361 0.03654414 0.08600686 0.23514564 0.09826099
  0.20018892 0.15150295]
 [0.16351141 0.30092438 0.11313169 0.15273881 0.15318283 0.26314891
  0.14958494 0.24398501]
 [0.11077539 0.06571662 0.26016164 0.13973502 0.02475832 0.26433327
  0.14961164 0.30253142]]
-------------------------
Matrix #  33 [ 8  x  7 ]
[[0.27382244 0.23854994 0.17066443 0.04555808 0.00732456 0.27194079
  0.13329537]
 [0.28454454 0.23963748 0.2857783  0.05200586 0.24012402 0.26737408
  0.04959195]
 [0.19852134 0.08683685 0.23278087 0.24187775 0.19364023 0.10587205
  0.18039668]
 [0.13953877 0.16400348 0.11369359 0.29059262 0.31033964 0.04760082
  0.12970359]
 [0.0721061  0.12183622 0.08113192 0.17404532 0.2434481  0.20966031
  0.21135104]
 [0.24319807 0.26214362 0.31378118 0.21726807 0.17333845 0.1673954
  0.0687921]
 [0.18432618 0.22215866 0.18599072 0.04672098 0.05750515 0.14181755
  0.11456858]
 [0.16156116 0.15960023 0.14605721 0.03500494 0.25831201 0.13949124
  0.09550142]]
-------------------------
Matrix #  34 [ 7  x  7 ]
[[0.07495135 0.05882137 0.31563376 0.01751744 0.17795387 0.0741104
  0.16543789]
 [0.22232879 0.12038084 0.22748432 0.3142585  0.03268135 0.00116138
  0.18672303]
 [0.13899587 0.00557036 0.30654011 0.06571834 0.2349464  0.05428944
  0.15420449]
 [0.24240275 0.32336844 0.20304369 0.26385169 0.29615849 0.07659069
  0.13380397]
 [0.31562422 0.19650613 0.30137378 0.15117951 0.12404636 0.00173011
  0.02434865]
 [0.2011835  0.01085071 0.06257786 0.09547929 0.24671866 0.00799807
  0.19325463]
 [0.267011   0.08608116 0.12497436 0.0028376  0.28321775 0.30294767
  0.19747582]]
-------------------------
Matrix #  35 [ 7  x  5 ]
[[0.25390473 0.17374602 0.0686218  0.07754907 0.02430403]
 [0.13362708 0.28656148 0.05394957 0.32286578 0.07326579]
 [0.05873044 0.14077815 0.20471081 0.07911062 0.03877094]
 [0.29617204 0.25546788 0.07265442 0.30315476 0.29300494]
 [0.09804434 0.31648761 0.19622155 0.082612   0.28095885]
 [0.08340033 0.24582687 0.27503066 0.17356133 0.12583261]
 [0.21929665 0.27136038 0.24543095 0.20781587 0.2404425]]
-------------------------
Matrix #  36 [ 5  x  6 ]
[[0.16536051 0.10696637 0.05684958 0.08423887 0.14436735 0.22330776]
 [0.08928552 0.20906174 0.00420438 0.14022131 0.21056249 0.14462312]
 [0.27593662 0.21091118 0.21893103 0.09637427 0.11282052 0.1832769]
 [0.24727634 0.25057575 0.32142606 0.04259687 0.32462494 0.24771606]
 [0.157423   0.02362096 0.13072355 0.27280247 0.23014685 0.03189024]]
-------------------------
Matrix #  37 [ 6  x  5 ]
[[0.21990425 0.03000956 0.06825509 0.10973519 0.29631586]
 [0.08233646 0.10564208 0.13347308 0.30175557 0.07623963]
 [0.18981758 0.14681428 0.03130752 0.10675846 0.15804302]
 [0.05619386 0.0056897  0.06526655 0.1295015  0.31830548]
 [0.08364906 0.17607636 0.21562735 0.19809222 0.24264246]
 [0.15909567 0.03546628 0.28365218 0.13217863 0.05125344]]
-------------------------
Matrix #  38 [ 5  x  9 ]
[[0.16913822 0.07489187 0.16281499 0.28885676 0.06902758 0.04337597
  0.05325906 0.00632597 0.04447448]
 [0.09040854 0.27340806 0.27505586 0.1185735  0.30064314 0.1935718
  0.06454312 0.25924348 0.15382695]
 [0.23005857 0.30305882 0.23601644 0.05560318 0.09364125 0.14779944
  0.30365231 0.04590251 0.28712146]
 [0.17704694 0.28190131 0.01536331 0.1475956  0.31673611 0.04714949
  0.2553613  0.07558232 0.21389523]
 [0.09155705 0.2988261  0.30160678 0.26308389 0.02006235 0.0083919
  0.25989879 0.19396765 0.24615618]]
-------------------------
Matrix #  39 [ 9  x  9 ]
[[0.14043439 0.03406487 0.00347056 0.25139614 0.28445541 0.04528567
  0.150719   0.02049883 0.01401169]
 [0.09284141 0.12720325 0.03931843 0.03377301 0.13436179 0.18846587
  0.01131312 0.02543529 0.1474072]
 [0.30458161 0.08182304 0.14355389 0.22379561 0.1664197  0.14575992
  0.01757843 0.05382342 0.32215938]
 [0.31927363 0.15981058 0.31086245 0.20513995 0.03668277 0.21513692
  0.06240225 0.1406205  0.14778638]
 [0.22886139 0.24837395 0.1805144  0.26274747 0.31107644 0.17632663
  0.009087   0.06461469 0.25236352]
 [0.06577567 0.03451518 0.02433321 0.14589636 0.25894241 0.17077132
  0.10184898 0.2852285  0.0576256]
 [0.2420298  0.24542732 0.06903815 0.09753145 0.0891336  0.30482269
  0.24002333 0.32794363 0.14019781]
 [0.09687688 0.07043516 0.15025047 0.20846811 0.11288519 0.01775875
  0.04444361 0.04354011 0.11133427]
 [0.32865288 0.0512157  0.21616652 0.03934259 0.10202811 0.15889048
  0.30298511 0.19916014 0.02784907]]
-------------------------
Matrix #  40 [ 9  x  5 ]
[[0.12890678 0.29556691 0.29619504 0.06418173 0.02259305]
 [0.0521643  0.05153877 0.30969526 0.29027428 0.04850703]
 [0.20939315 0.17847222 0.24207112 0.30632379 0.19842997]
 [0.0464875  0.03206913 0.16144867 0.12770855 0.27412716]
 [0.11400727 0.17890493 0.29963388 0.23791342 0.22352421]
 [0.18860641 0.07421694 0.1922431  0.0971273  0.26081214]
 [0.12965456 0.21125746 0.01147198 0.29014175 0.04514747]
 [0.27481386 0.18395843 0.17698797 0.06505658 0.03477618]
 [0.15899209 0.20801569 0.02549982 0.01178295 0.21953292]]
-------------------------
Matrix #  41 [ 5  x  9 ]
[[0.06125253 0.27209371 0.3243565  0.00285884 0.3219093  0.18611027
  0.28147976 0.26984187 0.08278612]
 [0.14869019 0.23145355 0.19631051 0.10310414 0.19840459 0.32826264
  0.00817981 0.20128204 0.07712305]
 [0.01138057 0.14334925 0.07197969 0.1579285  0.23648326 0.00472444
  0.25067712 0.07182734 0.28488417]
 [0.02896421 0.22278156 0.2624272  0.0870277  0.14046774 0.08383746
  0.10397283 0.10917517 0.26549177]
 [0.27972788 0.21221202 0.15645199 0.13411205 0.10439629 0.14288383
  0.24259791 0.09090795 0.04946488]]
-------------------------
Matrix #  42 [ 9  x  5 ]
[[0.12057521 0.07644692 0.20517528 0.11073142 0.1742037]
 [0.03957114 0.2227233  0.11096092 0.17015973 0.16975302]
 [0.09472536 0.07585352 0.15584632 0.0801039  0.29355881]
 [0.19048199 0.02416743 0.27665975 0.31876015 0.18867346]
 [0.20615081 0.18438277 0.0319475  0.18917867 0.02520779]
 [0.05106867 0.1387626  0.20740355 0.25214218 0.08884749]
 [0.30483182 0.0796862  0.15212245 0.00292057 0.14009618]
 [0.23248264 0.16484001 0.05537657 0.12214457 0.0687364]
 [0.26103631 0.1279299  0.06758768 0.2184022  0.12072456]]
-------------------------
Matrix #  43 [ 5  x  9 ]
[[0.0984784  0.30631819 0.07893657 0.07970353 0.31186185 0.11580898
  0.12245928 0.13718167 0.18048223]
 [0.13169549 0.25283696 0.06587302 0.06246854 0.04956051 0.30473002
  0.24869122 0.05081424 0.05276168]
 [0.1611956  0.00115826 0.0161849  0.12064877 0.01849242 0.08844969
  0.03966225 0.12116776 0.13486355]
 [0.20651372 0.24668492 0.09118422 0.01695647 0.00158139 0.00889512
  0.02990696 0.16837526 0.02247944]
 [0.20624863 0.15218965 0.20828269 0.11738431 0.13176882 0.14018063
  0.07183127 0.18668865 0.22540765]]
-------------------------
Matrix #  44 [ 9  x  8 ]
[[0.06986199 0.18913928 0.3220646  0.08230437 0.14980682 0.05012647
  0.31690097 0.15620286]
 [0.30677062 0.05596827 0.30222305 0.20017051 0.29221256 0.01563829
  0.31761304 0.30746543]
 [0.1173049  0.14005383 0.02648796 0.00345416 0.07106967 0.058722
  0.18366504 0.15505054]
 [0.10876517 0.08742166 0.29849884 0.1208687  0.31793536 0.047049
  0.03136734 0.30764416]
 [0.18222693 0.2331684  0.01683216 0.09976144 0.32270744 0.27527735
  0.23054092 0.12588502]
 [0.02973257 0.2089662  0.12904052 0.05048999 0.05685717 0.06743685
  0.20104632 0.29045587]
 [0.09694617 0.18301006 0.24491414 0.18922038 0.3082022  0.13702758
  0.0467109  0.25077745]
 [0.26396632 0.32663666 0.28317167 0.02433924 0.27300286 0.06242977
  0.28023769 0.06820315]
 [0.15346571 0.15922981 0.3258496  0.19904508 0.18257329 0.10128513
  0.1658335  0.2103292]]
-------------------------
Matrix #  45 [ 8  x  5 ]
[[0.14392637 0.25904531 0.04570776 0.30649066 0.16361161]
 [0.11725656 0.18982293 0.27558432 0.22298522 0.10575104]
 [0.26575509 0.25440002 0.2357396  0.31378674 0.08815935]
 [0.18867445 0.28532977 0.26165215 0.04314036 0.09919544]
 [0.18452255 0.27378719 0.07930805 0.112583   0.00314821]
 [0.30488115 0.16418803 0.09966255 0.30855648 0.03108883]
 [0.25021989 0.09212909 0.05150886 0.16762737 0.00643639]
 [0.31864504 0.09246089 0.13261663 0.19533407 0.14461847]]
-------------------------
Matrix #  46 [ 5  x  8 ]
[[0.16498122 0.03837304 0.11628039 0.25181749 0.03882158 0.0771474
  0.01812242 0.15588577]
 [0.30788853 0.08024624 0.07696796 0.20860342 0.08829837 0.08509293
  0.19770618 0.01525533]
 [0.22292526 0.06757694 0.29147741 0.24666972 0.18623463 0.11404806
  0.02841209 0.24131707]
 [0.12312316 0.0895687  0.23481452 0.0523926  0.3049357  0.09011404
  0.25375726 0.32140362]
 [0.05639996 0.28113729 0.15868052 0.0381711  0.14112429 0.12162185
  0.12748625 0.00580729]]
-------------------------
Matrix #  47 [ 8  x  7 ]
[[8.41473281e-02 5.51959010e-02 2.19008088e-01 7.00613850e-02
  2.72052582e-01 2.04474139e-02 1.64508767e-01]
 [1.79368427e-01 2.41506358e-01 2.06581873e-01 2.34401457e-01
  2.10125119e-01 1.12709368e-01 1.59017132e-01]
 [8.30982780e-02 2.44196499e-01 4.12040374e-05 3.02515859e-01
  1.28055007e-01 1.14294967e-01 7.71741241e-02]
 [3.08670777e-02 2.84209857e-01 1.87398080e-01 1.40220559e-01
  1.19705837e-01 2.28082830e-01 2.86599677e-01]
 [2.96746173e-01 1.30448910e-01 2.49246727e-01 1.30238166e-02
  2.76869288e-01 1.32135597e-01 2.58672866e-01]
 [4.24328108e-02 1.56787543e-01 1.57565525e-02 1.51191896e-01
  1.67317009e-01 3.22500867e-01 1.23857972e-01]
 [2.71163905e-01 1.34339554e-01 2.15000638e-01 1.57694490e-02
  1.20428230e-01 1.56090145e-01 9.21753391e-02]
 [2.56099857e-01 1.82873927e-01 1.22982209e-01 1.94226176e-01
  1.83663261e-02 6.48218225e-02 3.21267919e-01]]
-------------------------
Matrix #  48 [ 7  x  9 ]
[[0.1461463  0.26809639 0.13450286 0.02312877 0.26887522 0.21052177
  0.00993675 0.26460118 0.15457776]
 [0.02934303 0.0898619  0.00918106 0.07183064 0.30159556 0.23345254
  0.13573011 0.14238138 0.11762981]
 [0.24580285 0.25348833 0.04785704 0.03877387 0.04228491 0.30577915
  0.14722738 0.16488016 0.00591362]
 [0.22975219 0.06051309 0.19429083 0.01641964 0.00311188 0.27827103
  0.20610257 0.02203584 0.07146247]
 [0.16161202 0.13744412 0.2160499  0.00859964 0.19787118 0.22278634
  0.20000932 0.20339446 0.20517046]
 [0.30072112 0.16186318 0.16975199 0.05263556 0.1959544  0.12321272
  0.25851262 0.12767854 0.12157887]
 [0.17418601 0.16022774 0.1759239  0.08280522 0.04941149 0.29696375
  0.28755531 0.04234804 0.24293915]]
-------------------------
Matrix #  49 [ 9  x  6 ]
[[0.03678858 0.30553596 0.16930934 0.0886529  0.32197085 0.02874055]
 [0.02939409 0.26870386 0.16597688 0.21301497 0.12685731 0.16112467]
 [0.1136755  0.04045562 0.26440369 0.02706175 0.01637747 0.16928459]
 [0.25410108 0.1639998  0.30819532 0.14397876 0.23227407 0.32787185]
 [0.26920984 0.13748028 0.1159818  0.19680172 0.17775793 0.04699986]
 [0.01442311 0.25011433 0.01424553 0.28273863 0.23008672 0.110014]
 [0.01189981 0.27570186 0.25012683 0.20824713 0.27179508 0.17618027]
 [0.07437371 0.21136423 0.22101959 0.1143466  0.16483544 0.17367396]
 [0.1840931  0.15106777 0.04534275 0.20959844 0.15101717 0.28657364]]
 -------------------------
