Matrix #  1 [ 9  x  8 ]
[[0.23357191 0.06608877 0.0006861  0.2879756  0.2948601  0.10895669
  0.22903345 0.09026924]
 [0.05526334 0.29458362 0.20932388 0.15009888 0.1222648  0.28314356
  0.13412904 0.06456156]
 [0.02772061 0.13276355 0.0064357  0.11601012 0.3234306  0.27081634
  0.27622902 0.25643845]
 [0.24380036 0.26514079 0.22382868 0.14184479 0.01533193 0.11639464
  0.18762858 0.27766213]
 [0.22812189 0.29144315 0.11370993 0.1476364  0.22398722 0.24873776
  0.14695371 0.1389954]
 [0.31160113 0.19992002 0.31001357 0.29218136 0.10276993 0.11280869
  0.31363005 0.0569838]
 [0.11110609 0.11842042 0.14708198 0.20595833 0.03432055 0.00053161
  0.15302299 0.21903787]
 [0.09540775 0.24214398 0.26597303 0.26706549 0.09421418 0.21567347
  0.31431403 0.1624588]
 [0.23952131 0.06297595 0.09234509 0.30018331 0.25129577 0.20202018
  0.12798754 0.29995771]]
-------------------------
Matrix #  2 [ 8  x  7 ]
[[0.02167791 0.32994865 0.22424717 0.22309955 0.14743043 0.04924504
  0.12449523]
 [0.17650392 0.10518311 0.21577361 0.09293046 0.24825099 0.19967596
  0.11428301]
 [0.02165363 0.25963483 0.05924668 0.16428172 0.23845612 0.31273755
  0.0502848]
 [0.11196042 0.19435176 0.05291517 0.05322283 0.22096685 0.26883279
  0.0393707]
 [0.15371017 0.32929739 0.03135373 0.32549686 0.0978535  0.3145284
  0.02506898]
 [0.09131226 0.18740851 0.1090924  0.15698391 0.02607874 0.19506461
  0.27279537]
 [0.00384847 0.2719101  0.23286184 0.31071137 0.08043034 0.05076569
  0.11020781]
 [0.00634426 0.19010291 0.10966565 0.31173806 0.21220308 0.07608228
  0.22944733]]
-------------------------
